Size	Sequential Search Time	Binary Search time	Hash Search Time
1000	0.000192	0.000023	0.000026
2000	0.000313	0.000045	0.000021
3000	0.000564	0.000031	0.000021
4000	0.000630	0.000027	0.000020
5000	0.000625	0.000028	0.000021
6000	0.000695	0.000027	0.000018
7000	0.000860	0.000025	0.000019
8000	0.000808	0.000024	0.000017
9000	0.000782	0.000027	0.000024
10000	0.001065	0.000026	0.000013
11000	0.000833	0.000025	0.000019
12000	0.000958	0.000030	0.000016
13000	0.000877	0.000026	0.000013
14000	0.001008	0.000024	0.000022
15000	0.000865	0.000027	0.000021
16000	0.001106	0.000024	0.000021
17000	0.000896	0.000023	0.000025
18000	0.000883	0.000024	0.000022
19000	0.000895	0.000030	0.000046
20000	0.001082	0.000024	0.000022
21000	0.001010	0.000027	0.000018
22000	0.000947	0.000023	0.000022
23000	0.000951	0.000034	0.000019
24000	0.001001	0.000026	0.000015
25000	0.001014	0.000025	0.000017
26000	0.001346	0.000032	0.000031
27000	0.001166	0.000029	0.000013
28000	0.001183	0.000027	0.000026
29000	0.001258	0.000029	0.000024
30000	0.001243	0.000026	0.000017
31000	0.001113	0.000026	0.000022
32000	0.001169	0.000029	0.000022
33000	0.001178	0.000025	0.000016
34000	0.001176	0.000027	0.000018
35000	0.001051	0.000023	0.000019
36000	0.001091	0.000016	0.000019
37000	0.001055	0.000027	0.000020
38000	0.001079	0.000031	0.000063
39000	0.001418	0.000025	0.000020
40000	0.001142	0.000028	0.000030
41000	0.001088	0.000034	0.000018
42000	0.001138	0.000036	0.000018
43000	0.001080	0.000026	0.000018
44000	0.001119	0.000034	0.000012
45000	0.001083	0.000028	0.000015
46000	0.001106	0.000030	0.000024
47000	0.001185	0.000032	0.000030
48000	0.001254	0.000029	0.000026
49000	0.001092	0.000036	0.000030
50000	0.001197	0.000039	0.000021
51000	0.001362	0.000031	0.000015
52000	0.001083	0.000035	0.000021
53000	0.001138	0.000027	0.000028
54000	0.001439	0.000056	0.000026
55000	0.001356	0.000038	0.000031
56000	0.001163	0.000032	0.000025
57000	0.001160	0.000033	0.000026
58000	0.001115	0.000033	0.000025
59000	0.001115	0.000040	0.000028
60000	0.001103	0.000035	0.000022
61000	0.001104	0.000038	0.000026
62000	0.001111	0.000039	0.000017
63000	0.001121	0.000063	0.000014
64000	0.001115	0.000036	0.000023
65000	0.001163	0.000035	0.000021
66000	0.001194	0.000033	0.000024
67000	0.001162	0.000031	0.000016
68000	0.001119	0.000039	0.000022
69000	0.001251	0.000035	0.000017
70000	0.001141	0.000035	0.000017
71000	0.001127	0.000034	0.000023
72000	0.001357	0.000036	0.000021
73000	0.001155	0.000034	0.000027
74000	0.001436	0.000063	0.000012
75000	0.001173	0.000032	0.000025
76000	0.001149	0.000043	0.000022
77000	0.001227	0.000039	0.000020
78000	0.001174	0.000029	0.000029
79000	0.001256	0.000040	0.000019
80000	0.001427	0.000043	0.000021
81000	0.001181	0.000035	0.000020
82000	0.001196	0.000039	0.000020
83000	0.001197	0.000033	0.000018
84000	0.001276	0.000040	0.000024
85000	0.001180	0.000035	0.000022
86000	0.001156	0.000034	0.000023
87000	0.001154	0.000037	0.000021
88000	0.001168	0.000033	0.000025
89000	0.001159	0.000031	0.000024
90000	0.001172	0.000030	0.000030
91000	0.001159	0.000040	0.000030
92000	0.001217	0.000043	0.000032
93000	0.001434	0.000058	0.000020
94000	0.001362	0.000041	0.000019
95000	0.001251	0.000039	0.000022
96000	0.001149	0.000032	0.000015
97000	0.001139	0.000035	0.000016
98000	0.001045	0.000045	0.000036
99000	0.001226	0.000040	0.000020
100000	0.001026	0.000041	0.000029
101000	0.001093	0.000038	0.000020
102000	0.001497	0.000041	0.000018
103000	0.001098	0.000038	0.000016
104000	0.001264	0.000037	0.000015
105000	0.001023	0.000038	0.000022
106000	0.001400	0.000040	0.000019
107000	0.001025	0.000046	0.000024
108000	0.001228	0.000054	0.000042
109000	0.001057	0.000038	0.000021
110000	0.001130	0.000070	0.000023
111000	0.001271	0.000037	0.000014
112000	0.001351	0.000036	0.000021
113000	0.001213	0.000033	0.000022
114000	0.001077	0.000070	0.000024
115000	0.001164	0.000034	0.000019
116000	0.001122	0.000036	0.000029
117000	0.001343	0.000035	0.000016
118000	0.001244	0.000036	0.000031
119000	0.001099	0.000043	0.000020
120000	0.001109	0.000042	0.000024
121000	0.001125	0.000039	0.000022
122000	0.001095	0.000041	0.000024
123000	0.001057	0.000037	0.000027
124000	0.001096	0.000042	0.000027
125000	0.001152	0.000052	0.000017
126000	0.001065	0.000036	0.000038
127000	0.001070	0.000037	0.000026
128000	0.001077	0.000036	0.000015
129000	0.001065	0.000053	0.000017
130000	0.001116	0.000042	0.000023
131000	0.001226	0.000047	0.000025
132000	0.001113	0.000031	0.000033
133000	0.001308	0.000050	0.000021
134000	0.001230	0.000037	0.000028
135000	0.001257	0.000043	0.000062
136000	0.001513	0.000037	0.000020
137000	0.001237	0.000031	0.000017
138000	0.001243	0.000027	0.000026
139000	0.001250	0.000035	0.000022
140000	0.001272	0.000033	0.000020
141000	0.001286	0.000033	0.000022
142000	0.001354	0.000028	0.000020
143000	0.001191	0.000043	0.000017
144000	0.001295	0.000032	0.000022
145000	0.001283	0.000050	0.000021
146000	0.001370	0.000047	0.000030
147000	0.001648	0.000046	0.000033
148000	0.001616	0.000046	0.000035
149000	0.001397	0.000044	0.000025
150000	0.001328	0.000040	0.000020
151000	0.001350	0.000026	0.000021
152000	0.001208	0.000049	0.000022
153000	0.001278	0.000039	0.000021
154000	0.001319	0.000036	0.000019
155000	0.001417	0.000037	0.000024
156000	0.001272	0.000039	0.000017
157000	0.001296	0.000033	0.000021
158000	0.001334	0.000039	0.000020
159000	0.001530	0.000029	0.000018
160000	0.001214	0.000035	0.000009
161000	0.001187	0.000029	0.000038
162000	0.001243	0.000070	0.000027
163000	0.001830	0.000034	0.000020
164000	0.001272	0.000037	0.000025
165000	0.001607	0.000043	0.000019
166000	0.001333	0.000043	0.000025
167000	0.001332	0.000039	0.000023
168000	0.001289	0.000044	0.000025
169000	0.001331	0.000041	0.000030
170000	0.001416	0.000042	0.000022
171000	0.001257	0.000040	0.000026
172000	0.001324	0.000038	0.000018
173000	0.001241	0.000040	0.000022
174000	0.001222	0.000034	0.000027
175000	0.001215	0.000040	0.000017
176000	0.001220	0.000057	0.000012
177000	0.001372	0.000051	0.000029
178000	0.001305	0.000041	0.000027
179000	0.001549	0.000054	0.000034
180000	0.001357	0.000046	0.000026
181000	0.001943	0.000089	0.000035
182000	0.001762	0.000090	0.000029
183000	0.002087	0.000061	0.000029
184000	0.001530	0.000061	0.000028
185000	0.001858	0.000047	0.000038
186000	0.002029	0.000039	0.000043
187000	0.001963	0.000074	0.000029
188000	0.001868	0.000049	0.000030
189000	0.001503	0.000051	0.000024
190000	0.001700	0.000049	0.000024
191000	0.001525	0.000049	0.000042
192000	0.001862	0.000045	0.000029
193000	0.001679	0.000058	0.000065
194000	0.001523	0.000050	0.000026
195000	0.001673	0.000051	0.000050
196000	0.001570	0.000053	0.000031
197000	0.001572	0.000049	0.000034
198000	0.001785	0.000056	0.000037
199000	0.001492	0.000044	0.000068
200000	0.001631	0.000052	0.000025
201000	0.001412	0.000071	0.000025
202000	0.001421	0.000045	0.000025
203000	0.001620	0.000056	0.000025
204000	0.001382	0.000054	0.000025
205000	0.001502	0.000052	0.000025
206000	0.001438	0.000053	0.000026
207000	0.001416	0.000046	0.000025
208000	0.001798	0.000052	0.000029
209000	0.001427	0.000072	0.000023
210000	0.001386	0.000056	0.000030
211000	0.001430	0.000054	0.000028
212000	0.001567	0.000051	0.000026
213000	0.001467	0.000042	0.000033
214000	0.001675	0.000046	0.000033
215000	0.001583	0.000039	0.000029
216000	0.001445	0.000050	0.000033
217000	0.001633	0.000048	0.000030
218000	0.001532	0.000052	0.000022
219000	0.003995	0.000043	0.000027
220000	0.001647	0.000076	0.000032
221000	0.001675	0.000078	0.000047
222000	0.001745	0.000055	0.000032
223000	0.001800	0.000044	0.000027
224000	0.001540	0.000037	0.000025
225000	0.001575	0.000044	0.000026
226000	0.001687	0.000040	0.000025
227000	0.001687	0.000045	0.000026
228000	0.001551	0.000045	0.000021
229000	0.001721	0.000041	0.000028
230000	0.001555	0.000043	0.000024
231000	0.001577	0.000055	0.000029
232000	0.001784	0.000067	0.000029
233000	0.001750	0.000045	0.000039
234000	0.001564	0.000040	0.000020
235000	0.001568	0.000047	0.000022
236000	0.001569	0.000048	0.000022
237000	0.001566	0.000043	0.000023
238000	0.001579	0.000046	0.000024
239000	0.001464	0.000036	0.000026
240000	0.001490	0.000047	0.000023
241000	0.001499	0.000048	0.000024
242000	0.001557	0.000047	0.000020
243000	0.001633	0.000051	0.000032
244000	0.002010	0.000041	0.000079
245000	0.001841	0.000042	0.000030
246000	0.001552	0.000041	0.000027
247000	0.001660	0.000115	0.000022
248000	0.002632	0.000048	0.000048
249000	0.001506	0.000055	0.000024
250000	0.001487	0.000045	0.000032
251000	0.001497	0.000045	0.000026
252000	0.001505	0.000049	0.000025
253000	0.001644	0.000038	0.000024
254000	0.001352	0.000043	0.000025
255000	0.001384	0.000041	0.000025
256000	0.001487	0.000047	0.000031
257000	0.002452	0.000056	0.000028
258000	0.001375	0.000050	0.000022
259000	0.001654	0.000041	0.000041
260000	0.001357	0.000043	0.000038
261000	0.001371	0.000040	0.000026
262000	0.001480	0.000042	0.000029
263000	0.001366	0.000047	0.000029
264000	0.001373	0.000043	0.000036
265000	0.001606	0.000041	0.000028
266000	0.001548	0.000039	0.000029
267000	0.001525	0.000037	0.000026
268000	0.001642	0.000035	0.000029
269000	0.001538	0.000040	0.000033
270000	0.001641	0.000043	0.000032
271000	0.001556	0.000046	0.000022
272000	0.001672	0.000049	0.000030
273000	0.001856	0.000041	0.000033
274000	0.001602	0.000039	0.000027
275000	0.001878	0.000045	0.000030
276000	0.001655	0.000046	0.000029
277000	0.001555	0.000047	0.000028
278000	0.001552	0.000050	0.000024
279000	0.001548	0.000038	0.000064
280000	0.001561	0.000045	0.000026
281000	0.001567	0.000047	0.000026
282000	0.001569	0.000037	0.000031
283000	0.001560	0.000046	0.000049
284000	0.001718	0.000038	0.000022
285000	0.001559	0.000041	0.000026
286000	0.001616	0.000044	0.000051
287000	0.001698	0.000046	0.000027
288000	0.001583	0.000040	0.000029
289000	0.001572	0.000041	0.000019
290000	0.001963	0.000037	0.000030
291000	0.001720	0.000039	0.000025
292000	0.001559	0.000035	0.000029
293000	0.001703	0.000045	0.000028
294000	0.001612	0.000045	0.000036
295000	0.001816	0.000048	0.000035
296000	0.001872	0.000034	0.000032
297000	0.001583	0.000049	0.000032
298000	0.001627	0.000040	0.000047
299000	0.001627	0.000042	0.000031
300000	0.001559	0.000049	0.000027
301000	0.001454	0.000038	0.000036
302000	0.001719	0.000052	0.000028
303000	0.001427	0.000043	0.000022
304000	0.001616	0.000044	0.000031
305000	0.001626	0.000083	0.000031
306000	0.001426	0.000039	0.000028
307000	0.001566	0.000050	0.000030
308000	0.001479	0.000033	0.000030
309000	0.001800	0.000043	0.000029
310000	0.001590	0.000034	0.000030
311000	0.001785	0.000048	0.000030
312000	0.001664	0.000053	0.000029
313000	0.001627	0.000042	0.000024
314000	0.001654	0.000046	0.000038
315000	0.001706	0.000042	0.000029
316000	0.001660	0.000161	0.000031
317000	0.001676	0.000046	0.000032
318000	0.001793	0.000043	0.000026
319000	0.001645	0.000041	0.000033
320000	0.001478	0.000047	0.000021
321000	0.001497	0.000046	0.000032
322000	0.001479	0.000043	0.000025
323000	0.001681	0.000051	0.000024
324000	0.001486	0.000041	0.000029
325000	0.001497	0.000049	0.000029
326000	0.001488	0.000051	0.000023
327000	0.001585	0.000044	0.000024
328000	0.001745	0.000045	0.000027
329000	0.001497	0.000045	0.000029
330000	0.001570	0.000046	0.000032
331000	0.001610	0.000048	0.000030
332000	0.001602	0.000040	0.000024
333000	0.001735	0.000087	0.000042
334000	0.001611	0.000046	0.000035
335000	0.001678	0.000046	0.000024
336000	0.001532	0.000045	0.000030
337000	0.001588	0.000096	0.000027
338000	0.001617	0.000045	0.000033
339000	0.001739	0.000050	0.000030
340000	0.001597	0.000052	0.000025
341000	0.001754	0.000047	0.000030
342000	0.001698	0.000044	0.000040
343000	0.001642	0.000047	0.000032
344000	0.001551	0.000053	0.000023
345000	0.001962	0.000050	0.000028
346000	0.001616	0.000040	0.000036
347000	0.001787	0.000057	0.000027
348000	0.001904	0.000049	0.000032
349000	0.001742	0.000045	0.000028
350000	0.001606	0.000048	0.000025
351000	0.001603	0.000046	0.000096
352000	0.001582	0.000045	0.000045
353000	0.001665	0.000047	0.000028
354000	0.001663	0.000043	0.000046
355000	0.001724	0.000041	0.000028
356000	0.001839	0.000048	0.000023
357000	0.001995	0.000047	0.000030
358000	0.001734	0.000045	0.000030
359000	0.001767	0.000040	0.000025
360000	0.001733	0.000045	0.000025
361000	0.001787	0.000048	0.000030
362000	0.001763	0.000055	0.000025
363000	0.001628	0.000037	0.000069
364000	0.001711	0.000085	0.000030
365000	0.001894	0.000046	0.000031
366000	0.001712	0.000044	0.000028
367000	0.001628	0.000046	0.000028
368000	0.001614	0.000047	0.000032
369000	0.001755	0.000041	0.000028
370000	0.001639	0.000042	0.000029
371000	0.001877	0.000041	0.000036
372000	0.001862	0.000066	0.000036
373000	0.001565	0.000073	0.000039
374000	0.001582	0.000044	0.000033
375000	0.001580	0.000044	0.000031
376000	0.001585	0.000041	0.000028
377000	0.001601	0.000045	0.000034
378000	0.001579	0.000040	0.000031
379000	0.001650	0.000048	0.000029
380000	0.002493	0.000047	0.000035
381000	0.001841	0.000042	0.000030
382000	0.001914	0.000042	0.000033
383000	0.001721	0.000041	0.000038
384000	0.001674	0.000040	0.000026
385000	0.001729	0.000047	0.000067
386000	0.001778	0.000046	0.000038
387000	0.001712	0.000057	0.000025
388000	0.001843	0.000048	0.000024
389000	0.002110	0.000047	0.000041
390000	0.001635	0.000035	0.000027
391000	0.001631	0.000049	0.000026
392000	0.001626	0.000043	0.000033
393000	0.001825	0.000042	0.000027
394000	0.001674	0.000052	0.000069
395000	0.001648	0.000049	0.000033
396000	0.001634	0.000049	0.000035
397000	0.001635	0.000039	0.000027
398000	0.001708	0.000054	0.000086
399000	0.001719	0.000041	0.000040
400000	0.001743	0.000038	0.000028
401000	0.001783	0.000047	0.000016
402000	0.001983	0.000042	0.000029
403000	0.001747	0.000048	0.000031
404000	0.001759	0.000057	0.000030
405000	0.001904	0.000045	0.000023
406000	0.001616	0.000055	0.000033
407000	0.001628	0.000054	0.000030
408000	0.001601	0.000042	0.000026
409000	0.001910	0.000052	0.000030
410000	0.001637	0.000048	0.000031
411000	0.001685	0.000046	0.000041
412000	0.001644	0.000042	0.000035
413000	0.001790	0.000050	0.000032
414000	0.002182	0.000054	0.000030
415000	0.001961	0.000050	0.000046
416000	0.001778	0.000045	0.000027
417000	0.001837	0.000044	0.000032
418000	0.001940	0.000052	0.000037
419000	0.002068	0.000048	0.000032
420000	0.001859	0.000049	0.000028
421000	0.002008	0.000046	0.000035
422000	0.001894	0.000045	0.000028
423000	0.001913	0.000057	0.000033
424000	0.002364	0.000037	0.000045
425000	0.001943	0.000051	0.000032
426000	0.002078	0.000042	0.000037
427000	0.001965	0.000042	0.000066
428000	0.002076	0.000083	0.000031
429000	0.002066	0.000052	0.000033
430000	0.002877	0.000051	0.000037
431000	0.002739	0.000052	0.000036
432000	0.002077	0.000050	0.000044
433000	0.002164	0.000061	0.000035
434000	0.002329	0.000056	0.000034
435000	0.001708	0.000050	0.000036
436000	0.001758	0.000062	0.000041
437000	0.001791	0.000057	0.000043
438000	0.001881	0.000047	0.000030
439000	0.001776	0.000051	0.000040
440000	0.002201	0.000053	0.000048
441000	0.001792	0.000048	0.000040
442000	0.001949	0.000051	0.000045
443000	0.003048	0.000050	0.000053
444000	0.002042	0.000049	0.000049
445000	0.001769	0.000050	0.000040
446000	0.001770	0.000056	0.000072
447000	0.001789	0.000049	0.000043
448000	0.002274	0.000071	0.000037
449000	0.002854	0.000060	0.000037
450000	0.002262	0.000049	0.000044
451000	0.001788	0.000050	0.000040
452000	0.001801	0.000101	0.000038
453000	0.001840	0.000057	0.000036
454000	0.002003	0.000041	0.000038
455000	0.001786	0.000050	0.000032
456000	0.001796	0.000044	0.000037
457000	0.001874	0.000045	0.000032
458000	0.001948	0.000049	0.000035
459000	0.001988	0.000052	0.000040
460000	0.001929	0.000047	0.000031
461000	0.001873	0.000046	0.000034
462000	0.001797	0.000059	0.000036
463000	0.002015	0.000043	0.000039
464000	0.001863	0.000054	0.000037
465000	0.001803	0.000047	0.000033
466000	0.001946	0.000046	0.000033
467000	0.001957	0.000056	0.000038
468000	0.001779	0.000053	0.000027
469000	0.002000	0.000049	0.000053
470000	0.001788	0.000045	0.000036
471000	0.001789	0.000049	0.000028
472000	0.001782	0.000045	0.000033
473000	0.002014	0.000045	0.000036
474000	0.003063	0.000046	0.000038
475000	0.002027	0.000053	0.000035
476000	0.001999	0.000045	0.000037
477000	0.002002	0.000051	0.000031
478000	0.001789	0.000069	0.000029
479000	0.001771	0.000052	0.000089
480000	0.001764	0.000045	0.000032
481000	0.001782	0.000043	0.000039
482000	0.001781	0.000048	0.000042
483000	0.001895	0.000041	0.000093
484000	0.001934	0.000042	0.000034
485000	0.002033	0.000052	0.000040
486000	0.002150	0.000053	0.000040
487000	0.001981	0.000047	0.000033
488000	0.001941	0.000045	0.000037
489000	0.001967	0.000046	0.000035
490000	0.002226	0.000058	0.000032
491000	0.002003	0.000044	0.000042
492000	0.001891	0.000038	0.000037
493000	0.001958	0.000047	0.000038
494000	0.001929	0.000046	0.000032
495000	0.001919	0.000045	0.000038
496000	0.001930	0.000050	0.000027
497000	0.002178	0.000045	0.000034
498000	0.002155	0.000047	0.000033
499000	0.002239	0.000051	0.000040
500000	0.001930	0.000046	0.000029
501000	0.001940	0.000052	0.000039
502000	0.001903	0.000050	0.000048
503000	0.001902	0.000054	0.000039
504000	0.001973	0.000051	0.000043
505000	0.002253	0.000050	0.000038
506000	0.002058	0.000049	0.000038
507000	0.002094	0.000049	0.000041
508000	0.001951	0.000044	0.000029
509000	0.001938	0.000062	0.000047
510000	0.002024	0.000052	0.000053
511000	0.002335	0.000051	0.000038
512000	0.002111	0.000045	0.000044
513000	0.002270	0.000064	0.000039
514000	0.002215	0.000041	0.000041
515000	0.002168	0.000065	0.000039
516000	0.002961	0.000079	0.000041
517000	0.001989	0.000044	0.000036
518000	0.001889	0.000051	0.000034
519000	0.002251	0.000062	0.000062
520000	0.002184	0.000047	0.000077
521000	0.002113	0.000056	0.000037
522000	0.002063	0.000053	0.000030
523000	0.002204	0.000054	0.000038
524000	0.002096	0.000053	0.000039
525000	0.003217	0.000056	0.000048
526000	0.002500	0.000090	0.000056
527000	0.002527	0.000062	0.000064
528000	0.002302	0.000073	0.000042
529000	0.002321	0.000053	0.000042
530000	0.001886	0.000065	0.000040
531000	0.002001	0.000046	0.000037
532000	0.001900	0.000054	0.000034
533000	0.002683	0.000050	0.000041
534000	0.001909	0.000050	0.000027
535000	0.002005	0.000059	0.000028
536000	0.002053	0.000047	0.000031
537000	0.002066	0.000041	0.000036
538000	0.002268	0.000056	0.000037
539000	0.002017	0.000047	0.000044
540000	0.002047	0.000051	0.000034
541000	0.002132	0.000061	0.000037
542000	0.002256	0.000055	0.000036
543000	0.002288	0.000047	0.000033
544000	0.002010	0.000057	0.000039
545000	0.001856	0.000050	0.000046
546000	0.001826	0.000049	0.000033
547000	0.002002	0.000047	0.000042
548000	0.002116	0.000053	0.000039
549000	0.002128	0.000058	0.000079
550000	0.002714	0.000069	0.000065
551000	0.002062	0.000044	0.000039
552000	0.002127	0.000049	0.000027
553000	0.002097	0.000062	0.000032
554000	0.002227	0.000058	0.000036
555000	0.002864	0.000050	0.000037
556000	0.002151	0.000104	0.000033
557000	0.002837	0.000058	0.000054
558000	0.002348	0.000053	0.000040
559000	0.002389	0.000051	0.000033
560000	0.002082	0.000088	0.000038
561000	0.002464	0.000096	0.000058
562000	0.002207	0.000053	0.000042
563000	0.002192	0.000066	0.000033
564000	0.002051	0.000055	0.000036
565000	0.001977	0.000053	0.000031
566000	0.002042	0.000049	0.000029
567000	0.002182	0.000038	0.000036
568000	0.002210	0.000047	0.000034
569000	0.002243	0.000054	0.000077
570000	0.002432	0.000048	0.000048
571000	0.002743	0.000056	0.000523
572000	0.002220	0.000047	0.000031
573000	0.002033	0.000052	0.000023
574000	0.002537	0.000046	0.000056
575000	0.002775	0.000050	0.000068
576000	0.007493	0.000051	0.000061
577000	0.001994	0.000099	0.000039
578000	0.001976	0.000040	0.000048
579000	0.002368	0.000049	0.000034
580000	0.002259	0.000044	0.000036
581000	0.004129	0.000053	0.000032
582000	0.002827	0.000054	0.000051
583000	0.002344	0.000048	0.000037
584000	0.002223	0.000047	0.000039
585000	0.002578	0.000049	0.000054
586000	0.002217	0.000054	0.000038
587000	0.002041	0.000060	0.000047
588000	0.002065	0.000051	0.000034
589000	0.002165	0.000044	0.000038
590000	0.002062	0.000052	0.000036
591000	0.002067	0.000046	0.000045
592000	0.002301	0.000054	0.000040
593000	0.002695	0.000060	0.000047
594000	0.002409	0.000056	0.000028
595000	0.002267	0.000059	0.000057
596000	0.002472	0.000062	0.000045
597000	0.002302	0.000049	0.000065
598000	0.002216	0.000077	0.000038
599000	0.002754	0.000046	0.000048
600000	0.002066	0.000052	0.000041
601000	0.002098	0.000048	0.000033
602000	0.001953	0.000043	0.000031
603000	0.002029	0.000054	0.000051
604000	0.002183	0.000049	0.000033
605000	0.002448	0.000086	0.000031
606000	0.002190	0.000121	0.000033
607000	0.002249	0.000055	0.000048
608000	0.001900	0.000058	0.000095
609000	0.001941	0.000056	0.000042
610000	0.001901	0.000052	0.000039
611000	0.002115	0.000046	0.000033
612000	0.002131	0.000045	0.000045
613000	0.002170	0.000050	0.000033
614000	0.002238	0.000052	0.000039
615000	0.002057	0.000056	0.000039
616000	0.002089	0.000053	0.000036
617000	0.002237	0.000052	0.000039
618000	0.002320	0.000053	0.000039
619000	0.002562	0.000057	0.000035
620000	0.003499	0.000055	0.000040
621000	0.002077	0.000090	0.000039
622000	0.002331	0.000051	0.000035
623000	0.002145	0.000052	0.000043
624000	0.002125	0.000048	0.000033
625000	0.002268	0.000054	0.000032
626000	0.002111	0.000081	0.000041
627000	0.002300	0.000048	0.000037
628000	0.002346	0.000062	0.000034
629000	0.002278	0.000065	0.000037
630000	0.002249	0.000049	0.000050
631000	0.002201	0.000052	0.000037
632000	0.002401	0.000057	0.000043
633000	0.002402	0.000050	0.000045
634000	0.002420	0.000046	0.000032
635000	0.002237	0.000056	0.000033
636000	0.002549	0.000068	0.000062
637000	0.003446	0.000061	0.000061
638000	0.002252	0.000056	0.000052
639000	0.002554	0.000044	0.000065
640000	0.003073	0.000060	0.000061
641000	0.002388	0.000050	0.000030
642000	0.002356	0.000047	0.000037
643000	0.002077	0.000049	0.000034
644000	0.002094	0.000049	0.000032
645000	0.002086	0.000048	0.000042
646000	0.002371	0.000045	0.000041
647000	0.002263	0.000048	0.000037
648000	0.002546	0.000041	0.000030
649000	0.002630	0.000049	0.000057
650000	0.002256	0.000056	0.000038
651000	0.002309	0.000051	0.000078
652000	0.002687	0.000052	0.000122
653000	0.002169	0.000056	0.000038
654000	0.002130	0.000066	0.000038
655000	0.002124	0.000045	0.000036
656000	0.002392	0.000055	0.000042
657000	0.002610	0.000075	0.000040
658000	0.002765	0.000046	0.000045
659000	0.002799	0.000153	0.000051
660000	0.002504	0.000055	0.000046
661000	0.002264	0.000108	0.000040
662000	0.002384	0.000057	0.000039
663000	0.002181	0.000051	0.000096
664000	0.003005	0.000085	0.000044
665000	0.002845	0.000053	0.000040
666000	0.002941	0.000044	0.000041
667000	0.002965	0.000072	0.000042
668000	0.002512	0.000044	0.000035
669000	0.002863	0.000058	0.000044
670000	0.003334	0.000066	0.000044
671000	0.002482	0.000063	0.000033
672000	0.002313	0.000066	0.000038
673000	0.002394	0.000052	0.000034
674000	0.002302	0.000053	0.000045
675000	0.002500	0.000046	0.000044
676000	0.002420	0.000048	0.000051
677000	0.002456	0.000051	0.000047
678000	0.002379	0.000043	0.000046
679000	0.002256	0.000050	0.000038
680000	0.002410	0.000047	0.000040
681000	0.002277	0.000042	0.000040
682000	0.002360	0.000050	0.000040
683000	0.002219	0.000057	0.000037
684000	0.002175	0.000082	0.000038
685000	0.002495	0.000053	0.000043
686000	0.002309	0.000061	0.000048
687000	0.002164	0.000051	0.000038
688000	0.002591	0.000044	0.000057
689000	0.002619	0.000047	0.000041
690000	0.002173	0.000068	0.000041
691000	0.003255	0.000049	0.000044
692000	0.003182	0.000101	0.000042
693000	0.004517	0.000045	0.000063
694000	0.002521	0.000073	0.000060
695000	0.002560	0.000052	0.000043
696000	0.002301	0.000048	0.000040
697000	0.003080	0.000043	0.000045
698000	0.002558	0.000050	0.000044
699000	0.002220	0.000049	0.000043
700000	0.002240	0.000045	0.000053
701000	0.002824	0.000081	0.000040
702000	0.002189	0.000044	0.000050
703000	0.002512	0.000048	0.000031
704000	0.002375	0.000047	0.000046
705000	0.002342	0.000046	0.000038
706000	0.002148	0.000046	0.000042
707000	0.002158	0.000052	0.000036
708000	0.002319	0.000057	0.000058
709000	0.002412	0.000057	0.000042
710000	0.004180	0.000064	0.000041
711000	0.002350	0.000055	0.000044
712000	0.002403	0.000088	0.000034
713000	0.002424	0.000052	0.000045
714000	0.002363	0.000054	0.000049
715000	0.002376	0.000058	0.000055
716000	0.002572	0.000061	0.000046
717000	0.003623	0.000051	0.000053
718000	0.002422	0.000058	0.000052
719000	0.002759	0.000051	0.000042
720000	0.002385	0.000053	0.000061
721000	0.002409	0.000052	0.000065
722000	0.002482	0.000052	0.000039
723000	0.002315	0.000054	0.000039
724000	0.002513	0.000051	0.000039
725000	0.002610	0.000045	0.000038
726000	0.002480	0.000051	0.000049
727000	0.002341	0.000049	0.000041
728000	0.002613	0.000053	0.000045
729000	0.002552	0.000052	0.000046
730000	0.002654	0.000059	0.000041
731000	0.002441	0.000049	0.000048
732000	0.002653	0.000062	0.000043
733000	0.003088	0.000048	0.000086
734000	0.002419	0.000065	0.000047
735000	0.002457	0.000056	0.000056
736000	0.002462	0.000043	0.000047
737000	0.002316	0.000051	0.000049
738000	0.002304	0.000041	0.000043
739000	0.003077	0.000048	0.000052
740000	0.002923	0.000046	0.000058
741000	0.002366	0.000055	0.000050
742000	0.002260	0.000045	0.000050
743000	0.002239	0.000043	0.000038
744000	0.002641	0.000052	0.000038
745000	0.002447	0.000057	0.000046
746000	0.002615	0.000049	0.000044
747000	0.003550	0.000054	0.000049
748000	0.002454	0.000062	0.000042
749000	0.002378	0.000060	0.000049
750000	0.002692	0.000052	0.000044
751000	0.002291	0.000052	0.000046
752000	0.002447	0.000051	0.000042
753000	0.002387	0.000049	0.000046
754000	0.002596	0.000055	0.000049
755000	0.002513	0.000046	0.000044
756000	0.002557	0.000045	0.000045
757000	0.003168	0.000053	0.000046
758000	0.002383	0.000057	0.000043
759000	0.002575	0.000052	0.000045
760000	0.002515	0.000057	0.000042
761000	0.002752	0.000052	0.000056
762000	0.002843	0.000064	0.000056
763000	0.002444	0.000049	0.000044
764000	0.002680	0.000050	0.000049
765000	0.002590	0.000050	0.000052
766000	0.002827	0.000049	0.000053
767000	0.002727	0.000050	0.000041
768000	0.002708	0.000047	0.000044
769000	0.002562	0.000055	0.000047
770000	0.002624	0.000056	0.000047
771000	0.002592	0.000051	0.000040
772000	0.003058	0.000055	0.000046
773000	0.003244	0.000048	0.000043
774000	0.003662	0.000155	0.000041
775000	0.002746	0.000106	0.000057
776000	0.002789	0.000058	0.000043
777000	0.002473	0.000052	0.000047
778000	0.002344	0.000045	0.000067
779000	0.003197	0.000058	0.000055
780000	0.002691	0.000060	0.000081
781000	0.002771	0.000049	0.000043
782000	0.003113	0.000062	0.000044
783000	0.002526	0.000059	0.000038
784000	0.002619	0.000065	0.000048
785000	0.002450	0.000059	0.000046
786000	0.002557	0.000058	0.000048
787000	0.003312	0.000050	0.000045
788000	0.002535	0.000068	0.000051
789000	0.002632	0.000060	0.000043
790000	0.003089	0.000064	0.000038
791000	0.002671	0.000053	0.000049
792000	0.002576	0.000056	0.000046
793000	0.002670	0.000047	0.000055
794000	0.002656	0.000059	0.000040
795000	0.003373	0.000062	0.000040
796000	0.002530	0.000053	0.000043
797000	0.002555	0.000055	0.000040
798000	0.002692	0.000042	0.000042
799000	0.002572	0.000052	0.000037
800000	0.002596	0.000049	0.000038
801000	0.002483	0.000047	0.000045
802000	0.002547	0.000054	0.000040
803000	0.002549	0.000059	0.000043
804000	0.002362	0.000089	0.000046
805000	0.002359	0.000105	0.000036
806000	0.002459	0.000060	0.000038
807000	0.002944	0.000051	0.000047
808000	0.002719	0.000054	0.000048
809000	0.002431	0.000040	0.000045
810000	0.002464	0.000049	0.000039
811000	0.002498	0.000049	0.000036
812000	0.002680	0.000069	0.000033
813000	0.002655	0.000054	0.000033
814000	0.002410	0.000040	0.000050
815000	0.002777	0.000053	0.000033
816000	0.002857	0.000053	0.000040
817000	0.002486	0.000047	0.000038
818000	0.002506	0.000045	0.000049
819000	0.002542	0.000045	0.000041
820000	0.003050	0.000053	0.000031
821000	0.003095	0.000058	0.000038
822000	0.002620	0.000050	0.000044
823000	0.002687	0.000051	0.000042
824000	0.002742	0.000050	0.000037
825000	0.002493	0.000043	0.000054
826000	0.002523	0.000045	0.000042
827000	0.002859	0.000072	0.000038
828000	0.002325	0.000048	0.000047
829000	0.002285	0.000042	0.000052
830000	0.002337	0.000052	0.000093
831000	0.002364	0.000058	0.000039
832000	0.004054	0.000049	0.000039
833000	0.002429	0.000057	0.000038
834000	0.002533	0.000111	0.000047
835000	0.002594	0.000057	0.000045
836000	0.002570	0.000048	0.000036
837000	0.002545	0.000055	0.000048
838000	0.002547	0.000057	0.000040
839000	0.002491	0.000051	0.000084
840000	0.002528	0.000051	0.000042
841000	0.002730	0.000042	0.000042
842000	0.002773	0.000055	0.000045
843000	0.002577	0.000050	0.000045
844000	0.002839	0.000052	0.000049
845000	0.002692	0.000053	0.000057
846000	0.002363	0.000113	0.000046
847000	0.002562	0.000047	0.000042
848000	0.002795	0.000052	0.000050
849000	0.002791	0.000069	0.000040
850000	0.002932	0.000048	0.000044
851000	0.002482	0.000048	0.000044
852000	0.002653	0.000049	0.000046
853000	0.002517	0.000052	0.000040
854000	0.002601	0.000100	0.000040
855000	0.002566	0.000101	0.000042
856000	0.003088	0.000057	0.000039
857000	0.003487	0.000074	0.000051
858000	0.002771	0.000090	0.000040
859000	0.003324	0.000054	0.000049
860000	0.002700	0.000050	0.000040
861000	0.002799	0.000053	0.000046
862000	0.003010	0.000058	0.000073
863000	0.002531	0.000053	0.000059
864000	0.002644	0.000060	0.000058
865000	0.003395	0.000051	0.000054
866000	0.002747	0.000043	0.000062
867000	0.002843	0.000077	0.000056
868000	0.002965	0.000050	0.000090
869000	0.002904	0.000043	0.000053
870000	0.003022	0.000048	0.000043
871000	0.002782	0.000058	0.000039
872000	0.002761	0.000051	0.000042
873000	0.002807	0.000059	0.000063
874000	0.002806	0.000053	0.000051
875000	0.002735	0.000047	0.000044
876000	0.002802	0.000051	0.000041
877000	0.002916	0.000052	0.000051
878000	0.003065	0.000047	0.000043
879000	0.003258	0.000062	0.000067
880000	0.003227	0.000063	0.000082
881000	0.003312	0.000091	0.000052
882000	0.002931	0.000076	0.000062
883000	0.003210	0.000082	0.000064
884000	0.002943	0.000055	0.000044
885000	0.003199	0.000054	0.000050
886000	0.003156	0.000053	0.000046
887000	0.002800	0.000052	0.000051
888000	0.003025	0.000053	0.000047
889000	0.004267	0.000065	0.000054
890000	0.003813	0.000053	0.000056
891000	0.003257	0.000050	0.000050
892000	0.003116	0.000054	0.000040
893000	0.004522	0.000048	0.000041
894000	0.003169	0.000053	0.000050
895000	0.002711	0.000058	0.000045
896000	0.003629	0.000046	0.000043
897000	0.002954	0.000051	0.000071
898000	0.003054	0.000051	0.000026
899000	0.002893	0.000046	0.000044
900000	0.002749	0.000047	0.000072
901000	0.002820	0.000053	0.000043
902000	0.002620	0.000055	0.000042
903000	0.002532	0.000050	0.000042
904000	0.002647	0.000061	0.000045
905000	0.002585	0.000053	0.000047
906000	0.002719	0.000042	0.000045
907000	0.002969	0.000058	0.000047
908000	0.002872	0.000055	0.000032
909000	0.002862	0.000050	0.000046
910000	0.002847	0.000054	0.000044
911000	0.003019	0.000081	0.000042
912000	0.002600	0.000057	0.000052
913000	0.002801	0.000046	0.000044
914000	0.002724	0.000053	0.000040
915000	0.002672	0.000052	0.000053
916000	0.002676	0.000067	0.000051
917000	0.002691	0.000046	0.000046
918000	0.002812	0.000046	0.000046
919000	0.002781	0.000052	0.000040
920000	0.002757	0.000076	0.000047
921000	0.002775	0.000051	0.000047
922000	0.002942	0.000061	0.000053
923000	0.002812	0.000049	0.000054
924000	0.002801	0.000054	0.000037
925000	0.002669	0.000055	0.000057
926000	0.002859	0.000050	0.000090
927000	0.002741	0.000055	0.000044
928000	0.002966	0.000068	0.000040
929000	0.002930	0.000047	0.000044
930000	0.003546	0.000054	0.000044
931000	0.002834	0.000051	0.000044
932000	0.002731	0.000047	0.000048
933000	0.002669	0.000050	0.000035
934000	0.002871	0.000055	0.000049
935000	0.003308	0.000050	0.000043
936000	0.003071	0.000116	0.000073
937000	0.002905	0.000059	0.000047
938000	0.002936	0.000047	0.000052
939000	0.003482	0.000060	0.000043
940000	0.003008	0.000055	0.000084
941000	0.002959	0.000051	0.000043
942000	0.003060	0.000119	0.000054
943000	0.002954	0.000056	0.000042
944000	0.002657	0.000051	0.000046
945000	0.003075	0.000054	0.000049
946000	0.002835	0.000046	0.000046
947000	0.002983	0.000052	0.000047
948000	0.003452	0.000055	0.000049
949000	0.002944	0.000051	0.000044
950000	0.003784	0.000048	0.000047
951000	0.002885	0.000054	0.000036
952000	0.002787	0.000050	0.000041
953000	0.003088	0.000045	0.000075
954000	0.002964	0.000053	0.000040
955000	0.003092	0.000047	0.000038
956000	0.002924	0.000073	0.000046
957000	0.004327	0.000055	0.000036
958000	0.002865	0.000046	0.000043
959000	0.002819	0.000041	0.000040
960000	0.003363	0.000043	0.000042
961000	0.002871	0.000046	0.000046
962000	0.003000	0.000047	0.000062
963000	0.002811	0.000068	0.000037
964000	0.003250	0.000045	0.000047
965000	0.002581	0.000045	0.000111
966000	0.003009	0.000055	0.000043
967000	0.002877	0.000050	0.000045
968000	0.002797	0.000053	0.000044
969000	0.002993	0.000068	0.000039
970000	0.003018	0.000046	0.000052
971000	0.003009	0.000047	0.000049
972000	0.003030	0.000045	0.000047
973000	0.002997	0.000041	0.000049
974000	0.002860	0.000040	0.000041
975000	0.003271	0.000063	0.000047
976000	0.003213	0.000049	0.000048
977000	0.002890	0.000046	0.000048
978000	0.002797	0.000059	0.000044
979000	0.002967	0.000048	0.000046
980000	0.002694	0.000048	0.000042
981000	0.002788	0.000044	0.000038
982000	0.002756	0.000105	0.000045
983000	0.002945	0.000051	0.000054
984000	0.003018	0.000051	0.000047
985000	0.003131	0.000050	0.000045
986000	0.002821	0.000056	0.000067
987000	0.002753	0.000047	0.000046
988000	0.002935	0.000043	0.000055
989000	0.002915	0.000050	0.000046
990000	0.002796	0.000070	0.000067
991000	0.003015	0.000052	0.000047
992000	0.003695	0.000064	0.000048
993000	0.003270	0.000045	0.000057
994000	0.003129	0.000069	0.000037
995000	0.003897	0.000051	0.000047
996000	0.003086	0.000070	0.000037
997000	0.003342	0.000045	0.000051
998000	0.004053	0.000046	0.000048
999000	0.003151	0.000052	0.000042
1000000	0.003149	0.000042	0.000044