3
7
7
7
3
10
13
12
16
4
15
13
15
17
0
22
20
20
19
3
23
19
25
25
0
18
21
28
23
7
29
22
27
30
9
22
27
31
29
0
27
38
22
38
7
33
27
20
30
0
34
40
40
23
11
41
40
34
40
13
36
25
40
29
0
45
38
39
27
7
25
49
45
38
0
32
48
41
48
16
39
34
39
43
13
54
45
41
39
0
50
41
40
58
7
35
40
49
50
0
51
40
33
38
16
38
52
60
53
14
56
61
33
55
0
45
35
52
57
3
61
60
60
43
0
52
42
55
63
19
46
39
65
45
18
57
53
53
31
0
42
58
74
64
10
51
58
53
68
0
54
57
44
59
18
77
66
42
49
19
72
42
73
58
0
56
55
61
57
13
62
56
42
68
0
61
79
66
53
17
31
87
46
69
25
66
67
49
78
0
70
61
72
48
12
81
57
78
79
0
46
52
74
56
22
65
68
59
63
26
64
80
81
49
0
51
65
61
59
16
81
73
51
81
0
84
61
80
65
18
88
59
76
70
23
49
81
84
67
0
84
84
61
76
4
44
91
102
49
0
73
73
63
96
30
55
33
48
95
20
101
90
68
71
0
93
72
71
77
15
60
54
95
57
0
100
78
54
63
28
86
87
82
90
22
68
91
71
94
0
63
58
75
97
13
88
92
94
90
0
78
53
85
94
26
87
62
92
60
29
64
86
81
70
0
78
109
90
95
15
60
77
62
74
0
77
68
79
91
29
94
113
87
64
23
95
52
99
118
0
82
76
112
53
17
106
94
54
59
0
77
119
113
97
25
85
91
88
90
27
87
62
83
116
0
89
101
66
86
0
101
87
78
110
0
74
91
95
46
37
106
104
85
74
38
82
91
70
80
0
106


79
80
107
22
92
94
99
98
0
89
109
100
79
28
92
86
133
101
33
69
85
93
95
0
108
88
88
83
20
86
94
98
107
0
55
115
65
133
37
104
86
68
114
30
93
122
92
58
0
118
96
107
82
20
97
65
122
90
0
134
106
85
72
33
90
110
121
109
32
46
111
94
103
0
77
94
100
128
19
140
99
102
76
0
126
55
89
109
30
89
102
113
102
39
143
78
104
100
0
76
118
117
89
3
100
147
78
112
0
122
79
78
116
25
106
127
122
65
30
90
94
102
144
0
75
112
109
92
23
98
98
99
83
0
106
130
138
122
28
74
97
100
138
34
122
100
87
124
0
147
89
106
66
19
128
92
131
117
0
116
92
117
114
37
123
72
78
111
43
86
138
142
103
0
91
152
55
122
25
80
95
120
124
0
109
128
125
88
31
130
89
134
143
41
102
59
125
103
0
101
130
98
88
25
86
85
115
119
0
95
146
120
132
49
118
107
80
98
30
162
145
96
112
0
151
92
141
137
0
108
113
103
115
0
94
143
124
123
43
99
120
127
80
33
108
120
133
146
0
120
112
63
150
18
145
123
72
98
0
151
81
155
94
47
80
120
153
66
45
148
132
89
77
0
105
126
148
119
21
112
150
112
109
0
129
102
95
153
39
127
135
110
136
26
116
104
162
136
0
77
97
140
111
28
150
130
81
110
0
110
149
150
148
40
121
161
79
125
48
91
76
117
115
0
143
147
140
109
23
143
110
156
150
0
126
103
143
80
46
157
110
98
75
55
101
157
147
122
0
102
142
115
159
7
133
95
134
156
0
99
127
78
152
37
118
152
138
157
45
111
100
119
90
0
118
120
121
109
29
137
165
132
138
0
124
144
84
152
46
155
118
127
105
30
128
168
134
117
0
135
112
174
176
22
100
74
182
114
0
171
98
103
102
52
98
141
111
160
31
146
163
119
175
0
149
91
98
128
27
114
161
152
112
0
189
121
155
101
35
107
123
176
113
49
175
160
79
123
0
102
156
122
96
30
114
135
111
181
0
125
99
114
132
33
164
131
172
150
44
130
120
145
163
0
141
92
156
118
9
185
148
113
142
0
102
144
181
132
33
96
143
127
136
52
113
125
130
178
0
179
186
154
110
22
138
139
132
130
0
93
146
164
154
54
137
124
129
108
55
149
106
180
138
0
78
147
127
129
27
153
113
113
181
0
202
162
166
82
44
161
108
154
168
49
127
119
110
107
0
188
102
132
144
31
94
182
147
141
0
112
204
86
181
49
156
155
104
166
34
164
166
172
124
0
183
91
155
209
29
76
116
156
113
0
177
148
136
150
64
105
153
160
137
46
113
140
138
166
0
160
162
101
132
0
193
148
136
100
0
187
159
192
143
40
120
156
141
134
61
148
148
130
138
0
91
148
190
163
27
145
170
133
147
0
137
142
96
193
48
148
189
92
128
49
164
138
133
132
0
140
108
204
136
38
178
186
145
129
0
109
117
174
175
32
169
162
174
142
57
149
104
118
160
0
170
197
171
120
22
180
122
203
139
0
128
114
203
176
68
173
98
112
121
47
122
225
157
127
0
126
203
111
179
38
143
148
157
180
0
140
190
96
97
49
196
90
174
200
47
158
167
212
114
0
136
179
128
113
7
155
204
183
151
0
117
125
109
144
56
181
140
142
230
53
167
161
152
154
0
158
114
173
202
33
140
106
161
128
0
190
148
126
98
64
160
181
170
132
42
153
175
136
212
0
177
132
161
122
27
145
199
164
144
0
106
138
214
204
49
128
144
211
152
58
204
146
136
155
0
140
159
135
195
20
155
231
108
207
0
188
123
121
184
46
152
160
138
126
51
204
162
202
189
0
169
136
132
157
30
170
172
171
94
0
106
217
152
158
58
136
188
155
175
58
184
103
142
169
0
182
185
156
152
0
154
100
209
226
0
163
112
192
118
66
196
132
125
124
59
103
212
177
178
0
174
191
167
173
34
159
90
160
234
0
196
201
158
150
35
183
189
146
193
53
96
172
230
131
0
159
168
160
102
40
176
169
187
160
0
163
168
143
210
63
175
170
147
216
41
190
118
189
109
0
212
152
223
154
40
150
133
136
115
0
236
176
144
155
57
143
213
238
184
40
95
167
116
216
0
119
179
176
224
23
190
195
132
132
0
180
175
243
164
67
101
151
185
188
70
155
188
103
166
0
190
151
216
157
11
126
190
132
130
0
154
154
144
186
33
234
176
196
164
49
242
186
194
180
0
172
147
161
159
41
178
170
197
149
0
147
168
210
147
47
169
180
132
227
74
197
102
98
198
0
201
248
144
178
40
254
129
141
198
0
142
155
217
118
71
206
202
122
163
62
148
199
216
151
0
128
187
166
237
34
119
180
149
176
0
191
201
172
140
45
191
175
216
185
59
184
141
231
147
0
183
136
121
173
40
129
255
154
226
0
160
187
150
215
67
135
160
206
166
64
224
226
152
145
0
219
107
180
200
13
167
115
228
105
0
192
240
173
146
72
136
177
239
209
41
122
230
197
162
0
221
150
122
198
36
208
193
188
188
0
183
139
158
261
59
163
140
161
135
80
194
200
156
173
0
182
247
174
106
25
144
205
185
204
0
180
189
164
233
54
168
179
188
144
56
218
167
233
255
0
113
150
240
148
40
245
164
195
218
0
147
208
190
123
55
207
177
101
164
76
207
147
138
174
0
218
192
248
126
29
205
144
194
213
0
133
150
206
170
64
242
247
180
125
65
130
250
155
172
0
144
243
168
257
0
151
113
148
223
0
212
185
218
192
62
191
161
212
202
44
174
146
226
201
0
230
186
160
154
45
158
216
244
171
0
172
198
137
190
62
258
144
158
249
36
226
219
158
158
0
180
204
180
239
38
141
215
238
170
0
231
154
176
116
71
158
190
237
174
68
153
209
169
206
0
188
194
157
238
39
192
220
140
116
0
154
144
243
225
63
215
188
188
165
80
258
134
146
172
0
221
259
167
212
27
144
177
198
247
0
188
153
119
273
55
142
226
238
181
43
234
112
268
216
0
115
160
250
178
7
228
208
125
163
0
166
171
168
182
71
132
238
197
212
82
235
211
201
147
0
221
219
188
212
25
274
168
218
189
0
164
179
235
131
83
230
226
139
204
69
163
132
264
215
0
165
189
154
278
49
124
186
142
254
0
263
290
193
157
56
232
116
250
202
66
125
212
200
156
0
207
210
129
152
45
207
166
254
223
0
166
264
221
173
63
203
145
177
235
64
209
208
232
147
0
164
115
230
168
38
234
164
250
200
0
236
201
172
210
60
145
255
193
235
68
202
241
124
203
0
165
144
166
173
0
257
242
158
151
0
271
204
224
272
67
164
176
204
134
74
250
198
145
118
0
180
271
289
230
32
148
223
186
222
0
217
138
229
263
61
176
187
172
190
47
254
186
190
286
0
235
158
213
173
48
140
200
145
158
0
179
290
220
170
49
182
254
176
227
69
171
208
245
212
0
245
270
174
167
41
214
217
225
256
0
172
118
277
141
85
174
184
208
154
76
187
228
213
249
0
179
244
164
200
48
266
190
150
145
0
261
240
218
195
66
268
139
190
258
57
160
154
210
223
0
242
224
215
148
16
190
228
227
241
0
170
252
160
224
77
207
141
179
247
73
241
196
196
184
0
232
136
260
229
39
131
213
236
166
0
196
150
138
188
87
148
240
311
190
75
207
263
141
222
0
201
203
118
270
34
289
277
254
195
