2
0
4
6
0
4
4
4
4
2
6
8
8
10
0
4
12
4
2
2
10
8
12
10
0
12
8
8
6
6
14
12
12
8
4
4
12
8
14
0
10
12
12
16
0
18
8
12
16
0
16
16
12
14
4
10
12
20
12
2
8
8
16
18
0
22
16
16
14
4
14
20
16
12
0
12
20
16
24
2
14
8
16
14
6
20
16
16
22
0
20
20
20
16
6
18
16
24
16
0
26
12
4
16
10
20
20
24
18
8
16
28
12
14
0
18
24
16
26
0
18
28
16
14
0
24
20
32
26
6
16
24
28
14
10
22
20
24
14
0
12
20
24
24
4
26
24
24
28
0
28
20
12
22
6
22
24
12
26
6
20
20
36
24
0
20
16
24
26
4
36
32
20
28
0
22
32
36
26
8
18
32
12
22
8
28
24
16
32
0
20
16
28
12
4
34
12
36
38
0
20
16
36
28
10
30
24
20
30
8
32
24
36
34
0
26
24
28
18
4
34
24
12
30
0
32
36
32
22
10
32
28
32
28
8
22
32
24
26
0
32
36
36
28
2
12
28
36
18
0
26
28
24
44
10
22
24
24
30
12
38
44
32
30
0
38
28
28
26
6
12
32
32
26
0
40
36
24
22
12
40
40
28
36
6
24
40
20
36
0
30
12
32
46
8
32
36
32
28
0
36
20
40
32
12
34
32
36
20
16
32
32
36
24
0
28
48
24
38
8
24
36
28
36
0
18
40
40
30
8
40
44
36
28
8
42
24
36
40
0
36
28
52
26
10
40
28
20
18
0
30
44
28
34
6
38
24
28
36
18
46
20
40
52
0
38
44
28
40
0
38
36
40
56
0
44
28
44
16
16
44
44
32
36
10
24
28
32
24
0
40
28
36
46
4
32
36
36
48
0
30
48
40
34
8
32
28
52
50
6
22
20
52
30
0
44
40
32
34
12
36
48
32
38
0
18
52
28
54
16
44
32
32
52
10
46
48
32
24
0
52
40
44
40
4
42
32
44
40
0
36
36
28
36
18
36
36
52
42
14
28
52
44
38
0
26
36
36
44
2
56
36
44
20
0
52
24
40
50
10
30
44
48
40
18
50
24
32
36
0
40
44
40
50
2
36
56
44
44
0
52
32
32
28
16
44
52
48
34
14
36
40
36
48
0
42
52
48
36
10
44
52
36
22
0
36
68
56
44
14
20
40
36
64
20
60
40
28
44
0
58
32
40
28
8
48
32
48
42
0
40
32
36
32
12
50
32
32
54
16
48
64
52
30
0
30
60
28
44
12
40
40
52
52
0
42
44
56
40
16
40
40
48
62
22
48
32
52
38
0
38
56
40
36
10
36
24
60
46
0
34
52
48
52
20
52
56
36
44
2
64
56
32
36
0
66
40
52
66
0
28
44
20
50
0
32
56
56
46
8
42
40
56
32
10
48
56
52
64
0
40
40
36
56
12
46
48
40
48
0
58
32
48
52
18
40
48
72
32
16
64
64
36
22
0
38
52
56
54
8
36
56
48
42
0
50
40
32
54
18
58
52
48
52
16
56
32
60
64
0
38
24
60
38
8
60
36
36
52
0
44
48
64
48
12
50
60
28
58
18
38
28
56
46
0
66
60
56
50
6
58
52
56
60
0
44
36
64
44
12
70
52
40
34
20
30
64
60
44
0
48
60
36
62
6
50
36
56
68
0
30
52
28
56
16
60
48
56
58
18
42
36
52
48
0
52
48
48
42
14
50
72
60
60
0
60
52
32
60
20
62
44
40
42
18
56
56
60
38
0
58
52
56
68
12
40
32
76
36
0
58
32
44
28
18
32
60
40
56
16
60
80
48
62
0
50
52
28
52
12
52
68
60
44
0
78
56
72
42
18
38
56
80
50
16
70
72
32
58
0
40
72
56
48
8
40
60
44
66
0
50
28
40
40
18
72
40
72
64
10
56
48
60
62
0
54
48
44
52
4
70
56
40
64
0
36
68
64
48
22
32
60
40
52
20
34
48
52
72
0
82
76
76
28
4
44
64
60
44
0
34
56
60
68
20
54
48
48
36
26
62
52
76
60
0
36
60
52
58
12
54
48
44
74
0
80
76
64
32
22
62
40
60
68
22
62
56
48
38
0
68
44
72
60
8
52
68
56
50
0
64
80
20
78
24
48
56
44
64
12
72
64
72
52
0
70
28
52
66
14
28
44
68
50
0
62
40
44
60
22
54
60
72
58
16
46
60
48
60
0
64
56
40
56
0
78
60
56
44
0
90
60
76
62
16
64
60
60
52
26
44
40
52
68
0
26
72
80
66
10
62
56
60
70
0
58
68
44
82
14
72
72
52
60
20
56
48
40
44
0
40
44
80
64
12
76
60
60
42
0
38
60
76
70
8
62
60
80
56
24
66
36
40
76
0
76
68
72
60
12
72
48
84
62
0
48
40
72
60
24
70
48
48
54
18
60
84
64
54
0
48
68
40
70
16
54
68
52
60
0
56
68
48
46
12
80
32
64
80
22
64
72
84
32
0
48
76
56
38
0
70
80
72
62
0
54
56
48
60
24
74
64
52
96
14
66
72
48
68
0
68
48
72
72
18
52
44
68
56
0
68
72
56
56
28
48
76
68
48
24
50
68
64
88
0
66
44
72
56
8
70
96
76
48
0
36
52
72
88
14
28
48
84
60
14
72
60
44
62
0
64
56
68
78
12
58
88
40
86
0
72
36
48
76
14
68
72
52
40
28
88
72
68
66
0
70
72
44
58
16
80
72
64
40
0
44
92
68
60
30
48
80
68
70
26
72
44
60
66
0
88
64
60
52
0
76
48
76
84
0
74
56
68
40
32
80
56
52
36
24
34
72
88
76
0
72
72
68
66
16
62
36
56
84
0
84
84
76
64
12
66
88
44
70
26
48
56
92
46
0
62
72
40
40
16
68
72
72
72
0
58
80
64
76
28
46
68
60
88
20
72
60
72
42
0
76
60
84
52
12
68
44
40
54
0
100
68
56
70
30
58
92
100
64
12
42
68
60
88
0
62
72
80
100
14
84
76
64
60
0
92
72
96
76
30
42
48
64
60
20
42
72
52
60
0
76
48
92
66
4
48
92
52
40
0
68
56
56
80
18
92
64
72
68
16
92
60
68
92
0
56
68
56
66
10
76
68
92
62
0
66
52
96
54
14
78
84
48
94
24
74
44
40
88
0
62
100
52
64
12
92
52
48
72
0
68
64
96
40
20
88
76
48
54
32
44
92
92
78
0
48
60
68
90
20
46
76
64
80
0
74
80
72
56
24
66
80
72
90
22
64
64
96
66
0
86
40
48
66
12
62
88
72
92
0
72
76
76
86
20
70
56
68
76
30
92
84
68
66
0
78
40
72
68
2
74
40
84
50
0
64
96
72
60
24
64
80
108
86
12
44
84
80
80
0
74
76
68
80
8
72
60
56
76
0
82
52
64
114
30
58
56
68
42
28
60
80
72
74
0
68
116
68
52
8
60
76
48
76
0
72
76
68
86
24
80
64
72
48
18
88
68
76
86
0
62
52
96
68
16
110
72
84
88
0
58
72
76
54
16
82
52
36
60
26
78
68
80
80
0
96
72
96
60
18
86
52
92
90
0
58
52
84
84
34
104
100
60
34
32
56
100
56
72
0
56
96
72
114
0
54
48
64
70
0
104
76
100
72
26
82
68
96
72
24
68
56
88
82
0
88
76
56
40
22
68
92
96
62
0
72
92
36
76
26
96
52
60
102
16
88
84
56
56
0
56
76
76
94
16
54
80
84
68
0
78
68
72
52
30
52
92
84
52
26
62
92
60
88
0
72
84
68
76
16
88
88
48
52
0
60
72
112
106
28
90
88
84
66
32
108
48
60
76
0
86
100
72
80
14
56
80
72
106
0
80
76
44
106
16
60
100
84
58
18
92
36
108
72
0
42
68
104
80
4
88
88
44
66
0
76
88
64
68
24
56
92
92
88
34
94
80
60
70
0
78
68
88
68
14
100
60
104
66
0
72
84
80
58
28
100
84
52
80
30
66
48
116
102
0
54
80
60
104
20
48
72
52
96
0
114
116
76
58
22
80
56
104
64
36
50
72
80
64
0
98
88
56
68
16
82
64
108
94
0
52
116
72
82
20
78
52
84
98
34
70
100
80
62
0
72
52
92
48
12
92
68
92
84
0
92
88
64
80
20
46
120
76
94
28
68
108
64
90
0
66
48
56
74
0
110
112
68
62
0
126
68
88
100
26
72
68
80
52
28
92
68
56
60
0
68
108
108
92
12
68
100
76
92
0
86
44
92
118
22
68
72
72
84
14
116
76
80
120
0
90
56
96
50
20
56
80
64
56
0
66
100
88
60
26
68
80
80
70
18
70
80
96
88
0
90
104
76
74
16
100
80
80
108
0
64
64
108
66
34
88
60
84
72
32
74
80
84
106
0
74
96
68
76
24
108
68
80
58
0
118
80
88
78
28
100
64
72
112
18
72
56
84
90
0
100
80
80
72
2
68
92
96
94
0
76
92
80
100
36
86
64
72
102
26
78
72
64
76
0
96
44
92
82
14
58
80
88
72
0
72
64
60
80
36
64
92
132
100
28
98
108
64
72
0
98
92
48
108
8
114
108
108
78
